poly_latlon = [
    (-36.8464526496571, 174.76037979126),
    (-36.8485131904247, 174.783811569214),
    (-36.8508484028279, 174.787588119507),
    (-36.8557246457806, 174.794454574585),
    (-36.8597078246679, 174.792394638062),
    (-36.8645835024261, 174.78964805603),
    (-36.8672615592428, 174.782867431641),
    (-36.8699395221906, 174.776601791382),
    (-36.8698021930409, 174.76655960083),
    (-36.8668495566115, 174.761838912964),
    (-36.8626607370806, 174.768533706665),
    (-36.8590210844976, 174.764757156372),
    (-36.860119865808, 174.755229949951),
    (-36.8562740621068, 174.753255844116),
    (-36.8538016575381, 174.762010574341),
    (-36.850161583055, 174.756603240967),
    (-36.8464526496571, 174.76037979126)
]